,Id,SalePrice
0,1461,129051.695
1,1462,150099.22
2,1463,196159.06
3,1464,191705.16
4,1465,192821.5
5,1466,177636.02
6,1467,173901.95
7,1468,173355.9
8,1469,172491.97
9,1470,128568.46
10,1471,201040.86
11,1472,102628.695
12,1473,103873.484
13,1474,153790.83
14,1475,142267.8
15,1476,381600.7
16,1477,254346.0
17,1478,301541.2
18,1479,174240.4
19,1480,470017.03
20,1481,311168.5
21,1482,206107.94
22,1483,169370.64
23,1484,166637.19
24,1485,174799.4
25,1486,186814.39
26,1487,341697.94
27,1488,241412.19
28,1489,204652.19
29,1490,187393.23
30,1491,187120.73
31,1492,96053.305
32,1493,194718.62
33,1494,277159.38
34,1495,299466.72
35,1496,230613.89
36,1497,182273.42
37,1498,155840.38
38,1499,157621.47
39,1500,154136.1
40,1501,187796.62
41,1502,164624.83
42,1503,289068.88
43,1504,225166.3
44,1505,209498.36
45,1506,187954.5
46,1507,246549.64
47,1508,207582.94
48,1509,162597.36
49,1510,144548.31
50,1511,146217.28
51,1512,174875.36
52,1513,150372.52
53,1514,127952.27
54,1515,180422.33
55,1516,170745.56
56,1517,155388.0
57,1518,137889.33
58,1519,230851.05
59,1520,137275.83
60,1521,141522.2
61,1522,162491.03
62,1523,122228.76
63,1524,130933.15
64,1525,131994.25
65,1526,124969.84
66,1527,104084.586
67,1528,148126.56
68,1529,144023.34
69,1530,188665.16
70,1531,110715.76
71,1532,111865.95
72,1533,147051.19
73,1534,114550.97
74,1535,172711.88
75,1536,115359.19
76,1537,53711.688
77,1538,188426.78
78,1539,201296.23
79,1540,101088.32
80,1541,155818.31
81,1542,150109.52
82,1543,228095.84
83,1544,79820.516
84,1545,107982.69
85,1546,135273.62
86,1547,135280.92
87,1548,137030.23
88,1549,115078.26
89,1550,141075.84
90,1551,105701.805
91,1552,149117.25
92,1553,134569.97
93,1554,109967.516
94,1555,173836.95
95,1556,71452.98
96,1557,106361.54
97,1558,100495.805
98,1559,96949.766
99,1560,128705.555
100,1561,135272.55
101,1562,134386.08
102,1563,122782.56
103,1564,156638.44
104,1565,149248.52
105,1566,224319.86
106,1567,63594.42
107,1568,219051.19
108,1569,124476.81
109,1570,143592.94
110,1571,139081.66
111,1572,143660.94
112,1573,215683.12
113,1574,111091.01
114,1575,194441.28
115,1576,225170.64
116,1577,197344.81
117,1578,146078.83
118,1579,151420.72
119,1580,199205.33
120,1581,138673.6
121,1582,129856.164
122,1583,331910.34
123,1584,223459.53
124,1585,141700.5
125,1586,70120.516
126,1587,92365.016
127,1588,141575.72
128,1589,113975.44
129,1590,136527.12
130,1591,101683.03
131,1592,124084.61
132,1593,112791.75
133,1594,138131.02
134,1595,103210.195
135,1596,229443.67
136,1597,162475.83
137,1598,211302.25
138,1599,166210.19
139,1600,155366.27
140,1601,72006.086
141,1602,120821.055
142,1603,101916.48
143,1604,274536.25
144,1605,240301.3
145,1606,174558.78
146,1607,169806.45
147,1608,210766.17
148,1609,184480.25
149,1610,159515.31
150,1611,152716.78
151,1612,169035.94
152,1613,163206.34
153,1614,135123.92
154,1615,87921.586
155,1616,70186.61
156,1617,86706.56
157,1618,128708.81
158,1619,151469.4
159,1620,151634.64
160,1621,135710.27
161,1622,134390.39
162,1623,304649.7
163,1624,227626.56
164,1625,121384.08
165,1626,166965.86
166,1627,186612.11
167,1628,316020.3
168,1629,189551.12
169,1630,364637.22
170,1631,231478.66
171,1632,265938.75
172,1633,180362.88
173,1634,188757.64
174,1635,181889.3
175,1636,161424.16
176,1637,171905.95
177,1638,205485.97
178,1639,172541.19
179,1640,249767.42
180,1641,169115.02
181,1642,231454.97
182,1643,210437.23
183,1644,225107.31
184,1645,203713.38
185,1646,159208.81
186,1647,160068.12
187,1648,135362.58
188,1649,139017.38
189,1650,120129.03
190,1651,126755.09
191,1652,98243.734
192,1653,99396.9
193,1654,153683.36
194,1655,155358.5
195,1656,152942.31
196,1657,159825.2
197,1658,145932.2
198,1659,151641.45
199,1660,159448.5
200,1661,493994.56
201,1662,423382.38
202,1663,368640.0
203,1664,428527.94
204,1665,304606.75
205,1666,324012.72
206,1667,336300.4
207,1668,343522.9
208,1669,303085.2
209,1670,332601.1
210,1671,245270.48
211,1672,476556.38
212,1673,304178.6
213,1674,246470.64
214,1675,184566.97
215,1676,196914.58
216,1677,215911.17
217,1678,475253.62
218,1679,396880.44
219,1680,339352.06
220,1681,270416.25
221,1682,290664.2
222,1683,185340.47
223,1684,168257.52
224,1685,174659.47
225,1686,171050.12
226,1687,165854.42
227,1688,185885.61
228,1689,184628.55
229,1690,195846.64
230,1691,179824.83
231,1692,271171.5
232,1693,173891.16
233,1694,189515.45
234,1695,166210.55
235,1696,277890.5
236,1697,167675.53
237,1698,428251.75
238,1699,386300.38
239,1700,230577.42
240,1701,252383.25
241,1702,278004.1
242,1703,268493.28
243,1704,317288.97
244,1705,226711.23
245,1706,489083.2
246,1707,223735.3
247,1708,211205.22
248,1709,264047.75
249,1710,218630.98
250,1711,249838.8
251,1712,202701.9
252,1713,252826.28
253,1714,219370.92
254,1715,205682.03
255,1716,161311.7
256,1717,153662.38
257,1718,120900.18
258,1719,184977.95
259,1720,248136.34
260,1721,160147.39
261,1722,119081.32
262,1723,170594.48
263,1724,225972.58
264,1725,229389.25
265,1726,197263.14
266,1727,168508.95
267,1728,182213.53
268,1729,175500.94
269,1730,174969.84
270,1731,124367.64
271,1732,130617.1
272,1733,116251.02
273,1734,119258.3
274,1735,137500.38
275,1736,121446.125
276,1737,352928.78
277,1738,227907.34
278,1739,216460.08
279,1740,219640.6
280,1741,174608.02
281,1742,178577.0
282,1743,173384.05
283,1744,282413.56
284,1745,200386.12
285,1746,216896.52
286,1747,214071.53
287,1748,230545.61
288,1749,152853.83
289,1750,134962.05
290,1751,230237.08
291,1752,122214.73
292,1753,149723.53
293,1754,220657.66
294,1755,157864.95
295,1756,138335.0
296,1757,122411.75
297,1758,155458.77
298,1759,165199.6
299,1760,174172.27
300,1761,135074.56
301,1762,171776.52
302,1763,163592.83
303,1764,112511.055
304,1765,149342.19
305,1766,186869.52
306,1767,216502.45
307,1768,141396.72
308,1769,173646.8
309,1770,143185.5
310,1771,140539.4
311,1772,131684.42
312,1773,137448.16
313,1774,125384.445
314,1775,140383.28
315,1776,131543.89
316,1777,120778.3
317,1778,126277.195
318,1779,118567.86
319,1780,183448.27
320,1781,126276.01
321,1782,94781.41
322,1783,129455.31
323,1784,93977.875
324,1785,114721.54
325,1786,143864.92
326,1787,158765.98
327,1788,59430.707
328,1789,99947.98
329,1790,76618.66
330,1791,178227.27
331,1792,155341.53
332,1793,126224.62
333,1794,144139.77
334,1795,142249.6
335,1796,142798.66
336,1797,125750.79
337,1798,134128.94
338,1799,126649.234
339,1800,126424.45
340,1801,123993.72
341,1802,156994.94
342,1803,151150.98
343,1804,142690.38
344,1805,127801.78
345,1806,106348.234
346,1807,130852.805
347,1808,114427.016
348,1809,114812.58
349,1810,153239.8
350,1811,114063.07
351,1812,100214.02
352,1813,122321.1
353,1814,100240.6
354,1815,55179.445
355,1816,104481.836
356,1817,119614.89
357,1818,152235.17
358,1819,116671.36
359,1820,77555.22
360,1821,102688.47
361,1822,162041.34
362,1823,20718.82
363,1824,133852.64
364,1825,131213.56
365,1826,109738.26
366,1827,107108.984
367,1828,144387.0
368,1829,117039.74
369,1830,148097.27
370,1831,187922.34
371,1832,93407.73
372,1833,150888.02
373,1834,120872.05
374,1835,124898.234
375,1836,125004.26
376,1837,99575.95
377,1838,148427.73
378,1839,91499.4
379,1840,176594.17
380,1841,159508.55
381,1842,78757.68
382,1843,133159.83
383,1844,141913.97
384,1845,151253.77
385,1846,159146.38
386,1847,154478.86
387,1848,54536.19
388,1849,124269.79
389,1850,127034.06
390,1851,143933.42
391,1852,130978.516
392,1853,130865.336
393,1854,167278.05
394,1855,158243.28
395,1856,243042.1
396,1857,166334.7
397,1858,144507.4
398,1859,138523.11
399,1860,145621.97
400,1861,137890.88
401,1862,279576.38
402,1863,272795.25
403,1864,272795.25
404,1865,311431.53
405,1866,327135.72
406,1867,239725.58
407,1868,300755.03
408,1869,204378.62
409,1870,245631.7
410,1871,240328.31
411,1872,166097.8
412,1873,243452.92
413,1874,141440.19
414,1875,205177.14
415,1876,200807.28
416,1877,196426.22
417,1878,212764.56
418,1879,139153.06
419,1880,136817.83
420,1881,239515.77
421,1882,243105.55
422,1883,195841.61
423,1884,213869.17
424,1885,268186.34
425,1886,300395.5
426,1887,200651.66
427,1888,282235.44
428,1889,159737.95
429,1890,125518.9
430,1891,141802.64
431,1892,107060.09
432,1893,115780.47
433,1894,130339.49
434,1895,132007.42
435,1896,121011.36
436,1897,110449.37
437,1898,110455.375
438,1899,136884.78
439,1900,141724.64
440,1901,174613.88
441,1902,141748.25
442,1903,236656.5
443,1904,155245.34
444,1905,188190.39
445,1906,179628.66
446,1907,219339.97
447,1908,120826.11
448,1909,135348.56
449,1910,118672.77
450,1911,197027.27
451,1912,275405.12
452,1913,117772.234
453,1914,67360.52
454,1915,341006.47
455,1916,70088.125
456,1917,264215.94
457,1918,141317.19
458,1919,168679.48
459,1920,154005.47
460,1921,411704.47
461,1922,281196.1
462,1923,210328.3
463,1924,208527.23
464,1925,220257.02
465,1926,385922.4
466,1927,136137.12
467,1928,161725.19
468,1929,125258.74
469,1930,136134.92
470,1931,143133.28
471,1932,132930.22
472,1933,165679.92
473,1934,176328.62
474,1935,174578.22
475,1936,188084.9
476,1937,183476.88
477,1938,179021.16
478,1939,245216.38
479,1940,192760.4
480,1941,178630.47
481,1942,190232.31
482,1943,199793.08
483,1944,318197.06
484,1945,388673.5
485,1946,163306.97
486,1947,349641.75
487,1948,169156.12
488,1949,242888.22
489,1950,197759.02
490,1951,262987.1
491,1952,211486.25
492,1953,156435.89
493,1954,208778.73
494,1955,129900.2
495,1956,299909.34
496,1957,171737.9
497,1958,314062.38
498,1959,138803.33
499,1960,117146.28
500,1961,124988.05
501,1962,99106.12
502,1963,114218.375
503,1964,114512.44
504,1965,151443.38
505,1966,148783.78
506,1967,292320.44
507,1968,483056.62
508,1969,429203.6
509,1970,486110.66
510,1971,481789.38
511,1972,377630.62
512,1973,240449.2
513,1974,317850.28
514,1975,458343.72
515,1976,280922.47
516,1977,363178.6
517,1978,408373.66
518,1979,349912.94
519,1980,194790.77
520,1981,342989.7
521,1982,245105.14
522,1983,219894.58
523,1984,169432.69
524,1985,204083.8
525,1986,218177.8
526,1987,177777.77
527,1988,172085.1
528,1989,189136.44
529,1990,219480.34
530,1991,261898.92
531,1992,221286.0
532,1993,166837.28
533,1994,239197.67
534,1995,184001.47
535,1996,242470.34
536,1997,283365.72
537,1998,316562.78
538,1999,256563.84
539,2000,312181.94
540,2001,262567.78
541,2002,239685.23
542,2003,245479.34
543,2004,266342.44
544,2005,232702.86
545,2006,224194.83
546,2007,254217.39
547,2008,213843.62
548,2009,192878.16
549,2010,186525.81
550,2011,133105.86
551,2012,171457.08
552,2013,187471.33
553,2014,183246.52
554,2015,184362.3
555,2016,193701.16
556,2017,209447.73
557,2018,113245.56
558,2019,133118.48
559,2020,119513.39
560,2021,106791.586
561,2022,184006.56
562,2023,144255.14
563,2024,223664.53
564,2025,369372.7
565,2026,176490.78
566,2027,149599.34
567,2028,149901.47
568,2029,178376.98
569,2030,285734.8
570,2031,253432.33
571,2032,284012.66
572,2033,266160.97
573,2034,149515.47
574,2035,212723.6
575,2036,178071.8
576,2037,218912.22
577,2038,328024.97
578,2039,213159.97
579,2040,382691.94
580,2041,287184.7
581,2042,197636.83
582,2043,168551.03
583,2044,179159.19
584,2045,183830.27
585,2046,132636.53
586,2047,145913.0
587,2048,141079.08
588,2049,131225.78
589,2050,161406.89
590,2051,108826.21
591,2052,136939.48
592,2053,143298.06
593,2054,75094.734
594,2055,152491.72
595,2056,144482.12
596,2057,111967.414
597,2058,208494.17
598,2059,126999.43
599,2060,171944.78
600,2061,182388.28
601,2062,134256.48
602,2063,123430.26
603,2064,136666.05
604,2065,124833.46
605,2066,187676.66
606,2067,128018.24
607,2068,133864.12
608,2069,99402.44
609,2070,115995.95
610,2071,84949.13
611,2072,137403.83
612,2073,139050.42
613,2074,179493.2
614,2075,152105.05
615,2076,118890.77
616,2077,145355.33
617,2078,120386.266
618,2079,131604.83
619,2080,120527.66
620,2081,123066.61
621,2082,145882.92
622,2083,143285.55
623,2084,117183.38
624,2085,126878.83
625,2086,149442.0
626,2087,118522.086
627,2088,92059.99
628,2089,75587.74
629,2090,130737.945
630,2091,133630.6
631,2092,140034.39
632,2093,139556.11
633,2094,135046.33
634,2095,131966.72
635,2096,71868.51
636,2097,101832.76
637,2098,168409.23
638,2099,65799.516
639,2100,108523.07
640,2101,128323.5
641,2102,130962.914
642,2103,94999.44
643,2104,127221.7
644,2105,111976.766
645,2106,88559.83
646,2107,256414.98
647,2108,120032.414
648,2109,119185.945
649,2110,120694.984
650,2111,158796.33
651,2112,140660.88
652,2113,132587.9
653,2114,106585.16
654,2115,151321.31
655,2116,117101.57
656,2117,160418.67
657,2118,118396.195
658,2119,104523.43
659,2120,119522.016
660,2121,130703.45
661,2122,107249.195
662,2123,82658.05
663,2124,180656.08
664,2125,139701.72
665,2126,177157.92
666,2127,170041.92
667,2128,123889.19
668,2129,98946.56
669,2130,150550.45
670,2131,144391.9
671,2132,114018.27
672,2133,111390.39
673,2134,123603.5
674,2135,79683.92
675,2136,62689.473
676,2137,130318.414
677,2138,141655.39
678,2139,154414.98
679,2140,148144.6
680,2141,142776.23
681,2142,127944.266
682,2143,137408.83
683,2144,121987.914
684,2145,144076.97
685,2146,127800.41
686,2147,173183.72
687,2148,118743.625
688,2149,148443.25
689,2150,205912.16
690,2151,108719.35
691,2152,184183.06
692,2153,154762.98
693,2154,117396.99
694,2155,138240.39
695,2156,232118.45
696,2157,224674.72
697,2158,227988.97
698,2159,209696.52
699,2160,159115.56
700,2161,251729.89
701,2162,385811.06
702,2163,339675.38
703,2164,259728.06
704,2165,173697.69
705,2166,150855.52
706,2167,197438.25
707,2168,210172.36
708,2169,199718.3
709,2170,234980.34
710,2171,146926.84
711,2172,135632.14
712,2173,170870.66
713,2174,232745.84
714,2175,328123.22
715,2176,351733.4
716,2177,244539.98
717,2178,203194.03
718,2179,139535.75
719,2180,183320.11
720,2181,181658.83
721,2182,221265.22
722,2183,198718.4
723,2184,138043.44
724,2185,121972.74
725,2186,139629.77
726,2187,148761.64
727,2188,161180.78
728,2189,183654.4
729,2190,105787.5
730,2191,108373.445
731,2192,94436.56
732,2193,90427.11
733,2194,111067.98
734,2195,111013.08
735,2196,105923.76
736,2197,125070.1
737,2198,166788.8
738,2199,140660.31
739,2200,147832.02
740,2201,136350.02
741,2202,232014.58
742,2203,157171.5
743,2204,178433.17
744,2205,124831.63
745,2206,173876.83
746,2207,202350.08
747,2208,266055.44
748,2209,221486.45
749,2210,121266.08
750,2211,109387.9
751,2212,121726.484
752,2213,108711.234
753,2214,132997.02
754,2215,101650.96
755,2216,139794.6
756,2217,89349.79
757,2218,83209.64
758,2219,84424.84
759,2220,69250.77
760,2221,340288.94
761,2222,221405.97
762,2223,261705.4
763,2224,218792.0
764,2225,145976.22
765,2226,185028.55
766,2227,195451.0
767,2228,274625.25
768,2229,247159.42
769,2230,158894.2
770,2231,213881.69
771,2232,189190.75
772,2233,169887.08
773,2234,263293.5
774,2235,198640.2
775,2236,291100.44
776,2237,370730.56
777,2238,208964.88
778,2239,101334.95
779,2240,160765.53
780,2241,141809.66
781,2242,130074.73
782,2243,119605.414
783,2244,99085.8
784,2245,112997.195
785,2246,143228.58
786,2247,112651.72
787,2248,123496.836
788,2249,133281.92
789,2250,131674.34
790,2251,104227.85
791,2252,164536.69
792,2253,166505.56
793,2254,182620.22
794,2255,193197.52
795,2256,179457.22
796,2257,203831.44
797,2258,168260.39
798,2259,187494.69
799,2260,135855.94
800,2261,158031.1
801,2262,212328.89
802,2263,336265.97
803,2264,467167.3
804,2265,174089.42
805,2266,317423.88
806,2267,349424.03
807,2268,383005.47
808,2269,156219.55
809,2270,183263.4
810,2271,243342.11
811,2272,192183.11
812,2273,163936.25
813,2274,179642.8
814,2275,162843.16
815,2276,180978.5
816,2277,182920.75
817,2278,155106.38
818,2279,122306.34
819,2280,116780.65
820,2281,176716.14
821,2282,186653.69
822,2283,100337.79
823,2284,109649.58
824,2285,146356.5
825,2286,126017.516
826,2287,347029.62
827,2288,273210.56
828,2289,441055.3
829,2290,445582.0
830,2291,306114.9
831,2292,440558.88
832,2293,473405.1
833,2294,456681.78
834,2295,460171.94
835,2296,269301.12
836,2297,306379.53
837,2298,286887.25
838,2299,405549.28
839,2300,340154.62
840,2301,264693.9
841,2302,237516.92
842,2303,261053.0
843,2304,226190.72
844,2305,183967.69
845,2306,183331.1
846,2307,190722.02
847,2308,223895.4
848,2309,293055.1
849,2310,211621.2
850,2311,180325.5
851,2312,184645.94
852,2313,172383.78
853,2314,157670.17
854,2315,169987.9
855,2316,202561.39
856,2317,185167.39
857,2318,176938.72
858,2319,175694.86
859,2320,196520.0
860,2321,261784.5
861,2322,167748.08
862,2323,187840.5
863,2324,181894.89
864,2325,208508.38
865,2326,165958.89
866,2327,213146.66
867,2328,230576.36
868,2329,183004.75
869,2330,184820.72
870,2331,354086.7
871,2332,459230.94
872,2333,326276.8
873,2334,265336.66
874,2335,247340.34
875,2336,332109.16
876,2337,237760.47
877,2338,285719.2
878,2339,222026.03
879,2340,400512.75
880,2341,229731.72
881,2342,239852.64
882,2343,223004.52
883,2344,225475.25
884,2345,201693.92
885,2346,228966.92
886,2347,217178.88
887,2348,240299.23
888,2349,177565.14
889,2350,240575.14
890,2351,253593.67
891,2352,271670.0
892,2353,272135.3
893,2354,123536.41
894,2355,133231.5
895,2356,150331.3
896,2357,198110.78
897,2358,179522.52
898,2359,123683.5
899,2360,116990.19
900,2361,137294.17
901,2362,276385.6
902,2363,138865.6
903,2364,165193.42
904,2365,211982.39
905,2366,190113.33
906,2367,231295.52
907,2368,231702.86
908,2369,235788.23
909,2370,174382.66
910,2371,171042.38
911,2372,179754.22
912,2373,293266.22
913,2374,282353.38
914,2375,261534.52
915,2376,255280.47
916,2377,384065.38
917,2378,145074.44
918,2379,200237.16
919,2380,146744.06
920,2381,151941.36
921,2382,181622.17
922,2383,205720.86
923,2384,245787.94
924,2385,152707.14
925,2386,142844.88
926,2387,141517.81
927,2388,110026.04
928,2389,121150.375
929,2390,140878.64
930,2391,146457.81
931,2392,117822.016
932,2393,174105.89
933,2394,139036.48
934,2395,208681.67
935,2396,147751.23
936,2397,219428.77
937,2398,129818.19
938,2399,56127.82
939,2400,50837.617
940,2401,123150.82
941,2402,141389.81
942,2403,126391.336
943,2404,154821.58
944,2405,158730.1
945,2406,139518.22
946,2407,125724.97
947,2408,146312.39
948,2409,134280.05
949,2410,179954.78
950,2411,120440.266
951,2412,157727.3
952,2413,131591.19
953,2414,145512.72
954,2415,130452.336
955,2416,128762.39
956,2417,129293.414
957,2418,129801.94
958,2419,134073.77
959,2420,126916.65
960,2421,141017.5
961,2422,112011.77
962,2423,103262.62
963,2424,166214.05
964,2425,170166.95
965,2426,142048.14
966,2427,121595.22
967,2428,178649.72
968,2429,120535.0
969,2430,130805.06
970,2431,109890.08
971,2432,137389.1
972,2433,143866.45
973,2434,130492.73
974,2435,150772.1
975,2436,104284.13
976,2437,110644.945
977,2438,127050.67
978,2439,109030.5
979,2440,120398.445
980,2441,86686.23
981,2442,93908.555
982,2443,116413.04
983,2444,120445.11
984,2445,78241.29
985,2446,155801.56
986,2447,173119.92
987,2448,144098.84
988,2449,113222.67
989,2450,166291.31
990,2451,126326.91
991,2452,202021.39
992,2453,97447.81
993,2454,110940.82
994,2455,117790.805
995,2456,138554.06
996,2457,142451.03
997,2458,118216.1
998,2459,113426.4
999,2460,157987.28
1000,2461,119609.99
1001,2462,130950.36
1002,2463,116086.3
1003,2464,200342.42
1004,2465,138242.83
1005,2466,120624.2
1006,2467,160344.28
1007,2468,88968.13
1008,2469,69584.086
1009,2470,199751.94
1010,2471,209014.56
1011,2472,174993.53
1012,2473,113280.13
1013,2474,91112.586
1014,2475,234868.53
1015,2476,114279.06
1016,2477,126820.94
1017,2478,161271.22
1018,2479,108882.266
1019,2480,158592.05
1020,2481,122373.305
1021,2482,138983.8
1022,2483,114146.94
1023,2484,127307.26
1024,2485,127653.516
1025,2486,170438.34
1026,2487,180153.36
1027,2488,161651.42
1028,2489,147580.81
1029,2490,151419.73
1030,2491,88651.79
1031,2492,174375.88
1032,2493,141842.52
1033,2494,158870.11
1034,2495,109275.41
1035,2496,253884.75
1036,2497,136563.58
1037,2498,108104.26
1038,2499,100893.125
1039,2500,132036.17
1040,2501,142287.72
1041,2502,147540.84
1042,2503,98472.695
1043,2504,201013.25
1044,2505,229363.48
1045,2506,265852.75
1046,2507,332353.5
1047,2508,261591.6
1048,2509,212792.81
1049,2510,224375.75
1050,2511,180123.6
1051,2512,200875.3
1052,2513,209618.33
1053,2514,239006.14
1054,2515,144514.98
1055,2516,160578.64
1056,2517,143809.62
1057,2518,143475.03
1058,2519,229943.25
1059,2520,204616.11
1060,2521,187710.25
1061,2522,232640.39
1062,2523,132633.81
1063,2524,134476.52
1064,2525,149949.19
1065,2526,127476.04
1066,2527,102723.164
1067,2528,128592.96
1068,2529,133895.17
1069,2530,133683.31
1070,2531,245659.33
1071,2532,226161.0
1072,2533,197259.98
1073,2534,229490.67
1074,2535,313248.47
1075,2536,238410.66
1076,2537,233921.16
1077,2538,179988.2
1078,2539,198796.53
1079,2540,170988.72
1080,2541,173353.27
1081,2542,164604.0
1082,2543,129474.19
1083,2544,128111.39
1084,2545,128457.36
1085,2546,138153.4
1086,2547,139739.9
1087,2548,164382.92
1088,2549,170075.23
1089,2550,302725.8
1090,2551,147942.61
1091,2552,127264.19
1092,2553,98152.66
1093,2554,131644.8
1094,2555,118529.99
1095,2556,112609.44
1096,2557,108749.86
1097,2558,180219.38
1098,2559,140758.55
1099,2560,145996.11
1100,2561,148651.25
1101,2562,140675.83
1102,2563,153814.03
1103,2564,181187.67
1104,2565,141211.19
1105,2566,158808.55
1106,2567,131133.23
1107,2568,179466.55
1108,2569,183840.73
1109,2570,122521.57
1110,2571,185696.53
1111,2572,153286.55
1112,2573,172959.22
1113,2574,230497.19
1114,2575,117566.59
1115,2576,120158.234
1116,2577,138284.64
1117,2578,97874.86
1118,2579,37347.527
1119,2580,121528.2
1120,2581,120375.91
1121,2582,127241.195
1122,2583,295997.8
1123,2584,167625.56
1124,2585,190058.27
1125,2586,188759.9
1126,2587,190926.55
1127,2588,156773.88
1128,2589,150753.9
1129,2590,234253.94
1130,2591,220711.88
1131,2592,219622.77
1132,2593,255842.6
1133,2594,178003.4
1134,2595,201573.58
1135,2596,356154.2
1136,2597,182045.95
1137,2598,270846.6
1138,2599,288871.47
1139,2600,178122.25
1140,2601,141320.53
1141,2602,80075.34
1142,2603,89620.29
1143,2604,90540.13
1144,2605,65170.324
1145,2606,150972.52
1146,2607,179892.88
1147,2608,219792.66
1148,2609,161345.69
1149,2610,112802.08
1150,2611,140068.64
1151,2612,146892.88
1152,2613,125446.54
1153,2614,128699.82
1154,2615,150022.33
1155,2616,140108.34
1156,2617,173837.5
1157,2618,173960.4
1158,2619,204333.56
1159,2620,200206.86
1160,2621,186012.19
1161,2622,181586.94
1162,2623,256955.92
1163,2624,295064.12
1164,2625,296458.34
1165,2626,176561.9
1166,2627,149579.62
1167,2628,445087.62
1168,2629,546379.4
1169,2630,366976.1
1170,2631,429660.06
1171,2632,485625.25
1172,2633,325978.75
1173,2634,393840.3
1174,2635,165239.84
1175,2636,187591.5
1176,2637,162164.02
1177,2638,266929.72
1178,2639,174033.64
1179,2640,162200.0
1180,2641,110974.23
1181,2642,192959.14
1182,2643,116648.87
1183,2644,120437.51
1184,2645,101100.84
1185,2646,98117.36
1186,2647,102871.05
1187,2648,142320.17
1188,2649,148828.02
1189,2650,150751.16
1190,2651,144826.5
1191,2652,424836.53
1192,2653,254936.81
1193,2654,247515.1
1194,2655,375769.84
1195,2656,316170.4
1196,2657,305354.16
1197,2658,266422.9
1198,2659,310006.88
1199,2660,336438.88
1200,2661,338259.44
1201,2662,349384.2
1202,2663,301336.3
1203,2664,287943.53
1204,2665,322390.75
1205,2666,307484.62
1206,2667,167196.89
1207,2668,179478.78
1208,2669,174295.48
1209,2670,312611.2
1210,2671,176576.78
1211,2672,191985.86
1212,2673,186631.77
1213,2674,182338.06
1214,2675,157262.28
1215,2676,184243.58
1216,2677,182321.52
1217,2678,263037.44
1218,2679,304977.8
1219,2680,279500.06
1220,2681,445768.53
1221,2682,384040.6
1222,2683,554223.0
1223,2684,322178.78
1224,2685,380852.0
1225,2686,270086.66
1226,2687,308319.6
1227,2688,230988.73
1228,2689,219064.86
1229,2690,524752.94
1230,2691,197377.11
1231,2692,121875.64
1232,2693,198000.72
1233,2694,120873.34
1234,2695,194898.08
1235,2696,186246.11
1236,2697,192996.56
1237,2698,197955.38
1238,2699,186968.28
1239,2700,154679.88
1240,2701,153083.52
1241,2702,108332.695
1242,2703,147344.34
1243,2704,136456.84
1244,2705,114557.01
1245,2706,126026.19
1246,2707,131528.33
1247,2708,131803.92
1248,2709,116697.23
1249,2710,130765.12
1250,2711,299773.9
1251,2712,404633.8
1252,2713,155618.02
1253,2714,148500.62
1254,2715,178059.94
1255,2716,151993.86
1256,2717,193609.06
1257,2718,230619.9
1258,2719,157677.08
1259,2720,176735.48
1260,2721,140143.77
1261,2722,163807.64
1262,2723,147987.81
1263,2724,132462.62
1264,2725,139385.02
1265,2726,146197.45
1266,2727,173178.64
1267,2728,161894.31
1268,2729,156441.06
1269,2730,142922.45
1270,2731,120221.16
1271,2732,129383.35
1272,2733,167657.84
1273,2734,145938.17
1274,2735,135754.08
1275,2736,130072.945
1276,2737,125329.164
1277,2738,132075.4
1278,2739,156760.89
1279,2740,145480.34
1280,2741,145903.44
1281,2742,147235.38
1282,2743,151641.81
1283,2744,149638.94
1284,2745,132701.22
1285,2746,132150.16
1286,2747,155209.75
1287,2748,126768.61
1288,2749,116372.21
1289,2750,139330.11
1290,2751,138061.4
1291,2752,204502.78
1292,2753,161252.42
1293,2754,233597.38
1294,2755,129789.44
1295,2756,92901.445
1296,2757,45622.383
1297,2758,83840.86
1298,2759,149428.27
1299,2760,142577.14
1300,2761,143888.44
1301,2762,144207.03
1302,2763,182724.67
1303,2764,154897.0
1304,2765,283740.4
1305,2766,126372.984
1306,2767,91906.52
1307,2768,143159.86
1308,2769,121294.51
1309,2770,146123.39
1310,2771,118644.56
1311,2772,108136.85
1312,2773,144996.23
1313,2774,151246.61
1314,2775,143909.86
1315,2776,155763.12
1316,2777,143797.45
1317,2778,122226.125
1318,2779,118229.36
1319,2780,95387.875
1320,2781,103449.266
1321,2782,88820.39
1322,2783,108175.55
1323,2784,122047.74
1324,2785,140770.97
1325,2786,67757.96
1326,2787,124063.67
1327,2788,66751.266
1328,2789,206985.19
1329,2790,102108.23
1330,2791,118768.74
1331,2792,72712.086
1332,2793,175285.4
1333,2794,108190.06
1334,2795,122034.63
1335,2796,106882.93
1336,2797,213832.72
1337,2798,107153.98
1338,2799,116732.625
1339,2800,46675.973
1340,2801,117843.31
1341,2802,139450.89
1342,2803,130337.64
1343,2804,158514.08
1344,2805,91741.66
1345,2806,65385.383
1346,2807,154127.97
1347,2808,146509.31
1348,2809,135873.56
1349,2810,137921.36
1350,2811,165886.02
1351,2812,147245.25
1352,2813,143528.22
1353,2814,146543.6
1354,2815,97030.02
1355,2816,255601.81
1356,2817,155192.16
1357,2818,129318.63
1358,2819,186172.0
1359,2820,136616.28
1360,2821,101629.945
1361,2822,219316.27
1362,2823,259620.73
1363,2824,172451.34
1364,2825,177898.48
1365,2826,136868.31
1366,2827,134187.67
1367,2828,207338.25
1368,2829,201441.31
1369,2830,244881.77
1370,2831,193917.05
1371,2832,214755.5
1372,2833,270714.4
1373,2834,213251.17
1374,2835,222743.67
1375,2836,194559.06
1376,2837,160393.8
1377,2838,142687.64
1378,2839,178000.42
1379,2840,201295.7
1380,2841,209574.52
1381,2842,222206.1
1382,2843,149801.92
1383,2844,152646.53
1384,2845,119485.87
1385,2846,221804.39
1386,2847,211843.03
1387,2848,227302.8
1388,2849,211872.88
1389,2850,300463.4
1390,2851,228394.17
1391,2852,243299.7
1392,2853,224808.06
1393,2854,140269.27
1394,2855,201182.48
1395,2856,207447.75
1396,2857,196027.89
1397,2858,191706.36
1398,2859,123166.26
1399,2860,134054.28
1400,2861,133322.16
1401,2862,189622.69
1402,2863,129079.375
1403,2864,253867.45
1404,2865,129450.945
1405,2866,130616.484
1406,2867,89636.74
1407,2868,114813.15
1408,2869,129752.695
1409,2870,119547.65
1410,2871,110059.125
1411,2872,28801.918
1412,2873,99911.734
1413,2874,136962.3
1414,2875,107727.31
1415,2876,157198.0
1416,2877,140792.52
1417,2878,180468.64
1418,2879,131696.61
1419,2880,89989.93
1420,2881,163116.08
1421,2882,178553.62
1422,2883,174833.11
1423,2884,190986.47
1424,2885,207351.36
1425,2886,208135.17
1426,2887,99631.49
1427,2888,118713.85
1428,2889,35217.223
1429,2890,86248.85
1430,2891,139558.47
1431,2892,49653.332
1432,2893,110429.42
1433,2894,47751.66
1434,2895,326163.2
1435,2896,270808.84
1436,2897,190766.36
1437,2898,154586.89
1438,2899,222136.67
1439,2900,163857.27
1440,2901,218108.5
1441,2902,197196.2
1442,2903,351961.6
1443,2904,357835.56
1444,2905,122961.67
1445,2906,202068.11
1446,2907,115122.5
1447,2908,134733.86
1448,2909,126885.945
1449,2910,85072.234
1450,2911,81068.266
1451,2912,157502.92
1452,2913,86447.68
1453,2914,70758.31
1454,2915,75573.914
1455,2916,81232.71
1456,2917,169300.45
1457,2918,108080.62
1458,2919,233303.56
